f_min = 360
f_max = 370
f_avg = 360.5
std_dev = 2.190429135575903
t_avg = 0.0011335587501525878