f_min = 360
f_max = 370
f_avg = 360.9
std_dev = 2.8762349126466136
t_avg = 0.0012569046020507813