10 5
935 550 280 121 328 495 225 805 258 445 
0 72 29 95 43 79 63 89 28 48 116 
72 0 77 87 112 146 131 126 61 54 182 
29 77 0 121 65 99 56 61 16 73 135 
95 87 121 0 103 122 152 183 111 49 146 
43 112 65 103 0 35 56 112 70 70 72 
79 146 99 122 35 0 73 137 106 100 36 
63 131 56 152 56 73 0 67 71 109 102 
89 126 61 183 112 137 67 0 73 134 169 
28 61 16 111 70 106 71 73 0 62 143 
48 54 73 49 70 100 109 134 62 0 132 
116 182 135 146 72 36 102 169 143 132 0 
