20 5
843 288 449 612 70 848 678 479 67 84 394 766 113 148 558 251 735 477 782 804 
0 106 122 53 82 63 93 53 49 95 99 83 50 117 96 60 35 80 67 92 71 
106 0 40 54 189 114 26 159 137 71 21 154 153 177 202 152 118 60 173 107 131 
122 40 0 70 203 146 30 176 163 49 61 148 173 164 216 177 122 98 184 89 163 
53 54 70 0 135 83 40 106 93 56 53 105 102 132 148 107 63 56 119 75 98 
82 189 203 135 0 109 176 31 69 169 180 102 41 130 13 59 86 153 24 150 102 
63 114 146 83 109 0 116 79 40 139 96 146 67 180 120 52 99 58 108 149 17 
93 26 30 40 176 116 0 147 132 45 41 131 143 152 189 147 98 71 158 81 132 
53 159 176 106 31 79 147 0 40 145 149 96 12 129 44 34 67 122 30 133 74 
49 137 163 93 69 40 132 40 0 143 124 122 28 157 80 15 80 90 70 141 34 
95 71 49 56 169 139 45 145 143 0 85 100 145 114 181 155 82 107 147 40 153 
99 21 61 53 180 96 41 149 124 85 0 158 142 184 193 139 117 40 167 118 113 
83 154 148 105 102 146 131 96 122 100 158 0 104 34 109 126 48 155 77 65 152 
50 153 173 102 41 67 143 12 28 145 142 104 0 138 54 23 70 112 43 136 62 
117 177 164 132 130 180 152 129 157 114 184 34 138 0 136 160 81 185 106 75 186 
96 202 216 148 13 120 189 44 80 181 193 109 54 136 0 69 98 166 34 161 112 
60 152 177 107 59 52 147 34 15 155 139 126 23 160 69 0 88 105 65 151 43 
35 118 122 63 86 99 98 67 80 82 117 48 70 81 98 88 0 108 64 65 106 
80 60 98 56 153 58 71 122 90 107 40 155 112 185 166 105 108 0 145 131 74 
67 173 184 119 24 108 158 30 70 147 167 77 43 106 34 65 64 145 0 126 105 
92 107 89 75 150 149 81 133 141 40 118 65 136 75 161 151 65 131 126 0 160 
71 131 163 98 102 17 132 74 34 153 113 152 62 186 112 43 106 74 105 160 0 
