15 7
879 563 273 608 504 246 908 310 489 734 309 991 773 220 367 
0 112 83 36 104 100 61 18 64 100 41 14 47 56 100 69 
112 0 123 128 120 26 63 95 144 53 81 99 132 67 118 45 
83 123 0 55 179 130 65 73 147 77 106 88 131 62 22 83 
36 128 55 0 141 123 66 39 96 100 73 47 80 61 76 82 
104 120 179 141 0 93 124 106 68 152 73 93 72 123 189 113 
100 26 130 123 93 0 65 85 122 70 63 86 112 68 129 46 
61 63 65 66 124 65 0 42 115 38 55 54 99 5 67 18 
18 95 73 39 106 85 42 0 77 81 35 14 61 37 87 51 
64 144 147 96 68 122 115 77 0 152 64 62 16 111 164 114 
100 53 77 100 152 70 38 81 152 0 90 93 137 43 67 39 
41 81 106 73 73 63 55 35 64 90 0 27 51 52 116 50 
14 99 88 47 93 86 54 14 62 93 27 0 46 50 102 59 
47 132 131 80 72 112 99 61 16 137 51 46 0 95 147 100 
56 67 62 61 123 68 5 37 111 43 52 50 95 0 66 22 
100 118 22 76 189 129 67 87 164 67 116 102 147 66 0 84 
69 45 83 82 113 46 18 51 114 39 50 59 100 22 84 0 
