20 10
959 619 604 112 622 678 819 323 928 911 326 656 629 576 868 329 864 978 601 591 
0 103 57 107 19 104 113 93 100 59 46 102 117 111 87 50 84 128 60 60 72 
103 0 121 133 121 156 179 128 154 61 148 199 23 214 65 120 183 184 122 42 109 
57 121 0 164 51 161 61 39 43 103 60 137 125 128 133 6 76 72 3 86 129 
107 133 164 0 119 33 220 197 207 80 134 122 156 159 68 158 170 235 167 111 35 
19 121 51 119 0 111 101 90 92 78 27 92 134 95 105 44 64 117 54 78 85 
104 156 161 33 111 0 211 197 203 96 120 93 178 132 94 154 152 228 164 126 46 
113 179 61 220 101 211 0 57 27 164 93 163 179 138 194 65 79 20 59 147 185 
93 128 39 197 90 197 57 0 29 128 99 176 125 163 156 46 107 56 36 103 162 
100 154 43 207 92 203 27 29 0 145 92 167 153 148 174 49 89 30 40 125 172 
59 61 103 80 78 96 164 128 145 0 104 141 82 162 29 99 143 175 106 31 50 
46 148 60 134 27 120 93 99 92 104 0 77 160 70 131 54 39 112 63 106 103 
102 199 137 122 92 93 163 176 167 141 77 0 217 42 157 131 86 183 140 158 109 
117 23 125 156 134 178 179 125 153 82 160 217 0 229 88 125 193 181 126 58 132 
111 214 128 159 95 132 138 163 148 162 70 42 229 0 183 123 59 158 130 171 140 
87 65 133 68 105 94 194 156 174 29 131 157 88 183 0 128 170 205 135 54 51 
50 120 6 158 44 154 65 46 49 99 54 131 125 123 128 0 73 78 10 83 122 
84 183 76 170 64 152 79 107 89 143 39 86 193 59 170 73 0 100 77 141 141 
128 184 72 235 117 228 20 56 30 175 112 183 181 158 205 78 100 0 70 155 200 
60 122 3 167 54 164 59 36 40 106 63 140 126 130 135 10 77 70 0 88 132 
60 42 86 111 78 126 147 103 125 31 106 158 58 171 54 83 141 155 88 0 80 
72 109 129 35 85 46 185 162 172 50 103 109 132 140 51 122 141 200 132 80 0 
