15 5
678 588 184 626 232 957 207 713 272 641 477 474 123 748 409 
0 97 119 44 63 123 86 11 46 80 67 75 107 100 38 106 
97 0 213 64 150 143 178 108 50 104 146 52 20 169 109 11 
119 213 0 150 108 156 35 110 163 143 76 194 227 146 106 221 
44 64 150 0 107 98 114 55 22 52 81 69 81 140 45 71 
63 150 108 107 0 179 88 54 104 140 100 110 154 44 91 161 
123 143 156 98 179 0 128 127 120 45 88 167 164 221 87 142 
86 178 35 114 88 128 0 77 128 109 42 161 192 131 71 186 
11 108 110 55 54 127 77 0 58 86 63 84 118 93 40 118 
46 50 163 22 104 120 128 58 0 75 98 47 64 131 62 60 
80 104 143 52 140 45 109 86 75 0 67 122 124 180 49 105 
67 146 76 81 100 88 42 63 98 67 0 139 162 144 36 152 
75 52 194 69 110 167 161 84 47 122 139 0 47 120 104 63 
107 20 227 81 154 164 192 118 64 124 162 47 0 168 125 26 
100 169 146 140 44 221 131 93 131 180 144 120 168 0 133 180 
38 109 106 45 91 87 71 40 62 49 36 104 125 133 0 116 
106 11 221 71 161 142 186 118 60 105 152 63 26 180 116 0 
