10 3
458 311 792 405 692 728 156 231 368 621 
0 59 37 93 84 56 64 97 95 68 56 
59 0 89 118 118 96 109 143 99 119 26 
37 89 0 119 105 78 80 107 82 31 76 
93 118 119 0 20 41 44 51 188 143 134 
84 118 105 20 0 28 26 33 179 127 131 
56 96 78 41 28 0 14 46 150 102 105 
64 109 80 44 26 14 0 33 157 100 117 
97 143 107 51 33 46 33 0 187 122 150 
95 99 82 188 179 150 157 187 0 85 73 
68 119 31 143 127 102 100 122 85 0 103 
56 26 76 134 131 105 117 150 73 103 0 
