20 7
221 873 566 338 59 328 409 325 421 435 192 254 412 60 186 662 542 296 574 53 
0 49 53 57 85 27 71 70 117 105 97 101 101 58 45 41 107 33 61 78 37 
49 0 101 26 130 75 84 109 110 64 50 51 142 96 56 29 109 64 50 74 68 
53 101 0 109 36 25 103 70 130 158 144 153 87 35 69 93 114 48 109 119 68 
57 26 109 0 142 84 63 99 137 48 67 56 132 112 78 16 135 81 25 49 58 
85 130 36 142 0 58 140 103 129 190 166 180 114 37 85 127 110 67 145 156 105 
27 75 25 84 58 0 87 67 119 133 119 127 93 37 50 69 105 29 86 99 51 
71 84 103 63 140 87 0 53 185 92 131 118 80 125 114 54 177 104 40 25 35 
70 109 70 99 103 67 53 0 185 140 160 155 33 102 114 84 172 95 83 78 42 
117 110 130 137 129 119 185 185 0 166 99 129 212 97 72 135 19 89 159 182 155 
105 64 158 48 190 133 92 140 166 0 72 44 171 160 121 64 169 128 56 68 102 
97 50 144 67 166 119 131 160 99 72 0 30 193 129 81 78 107 99 92 116 118 
101 51 153 56 180 127 118 155 129 44 30 0 188 145 99 71 135 113 78 98 113 
101 142 87 132 114 93 80 33 212 171 193 188 0 122 142 117 198 122 115 106 75 
58 96 35 112 37 37 125 102 97 160 129 145 122 0 48 99 79 32 120 136 89 
45 56 69 78 85 50 114 114 72 121 81 99 142 48 0 71 62 21 95 116 83 
41 29 93 16 127 69 54 84 135 64 78 71 117 99 71 0 130 70 24 46 42 
107 109 114 135 110 105 177 172 19 169 107 135 198 79 62 130 0 76 154 177 145 
33 64 48 81 67 29 104 95 89 128 99 113 122 32 21 70 76 0 92 110 70 
61 50 109 25 145 86 40 83 159 56 92 78 115 120 95 24 154 92 0 24 46 
78 74 119 49 156 99 25 78 182 68 116 98 106 136 116 46 177 110 24 0 51 
37 68 68 58 105 51 35 42 155 102 118 113 75 89 83 42 145 70 46 51 0 
